adj-adj: 4.9792015e-05
adj-AD:  4.0645813e-05
AD-AD:   1.24038725e-05
