adj-adj: 5.3723146e-05
adj-AD:  3.991027e-05
AD-AD:   9.562687e-06
