adj-adj: 5.1624007e-05
adj-AD:  3.93131e-05
AD-AD:   1.1483618e-05
